4294967294,0
4294967279,24
4294967279,23
4294967279,22
4294967279,21
4294967279,19
4294967279,18
4294967279,16
4294967279,14
4294967279,13
4294967279,12
4294967278,132
4294967278,131
4294967278,130
4294967278,129
4294967278,128
4294967278,127
4294967278,126
4294967278,125
4294967278,124
4294967278,123
4294967278,252
4294967278,122
4294967278,121
4294967278,120
4294967278,246
4294967278,119
4294967278,118
4294967278,117
4294967278,240
4294967278,116
4294967278,115
4294967278,114
4294967278,236
4294967278,113
4294967278,112
4294967278,232
4294967278,111
4294967278,110
4294967278,109
4294967278,226
4294967278,108
4294967278,107
4294967278,106
4294967278,105
4294967278,218
4294967278,104
4294967278,216
4294967278,103
4294967278,102
4294967278,101
4294967278,100
4294967278,99
4294967278,98
4294967278,97
4294967278,96
4294967278,95
4294967278,94
4294967278,93
4294967278,92
4294967278,91
4294967278,90
4294967278,89
4294967278,87
4294967278,86
4294967278,85
4294967278,84
4294967278,83
4294967278,82
4294967278,81
4294967278,80
4294967278,79
4294967278,78
4294967278,77
4294967278,76
4294967278,75
4294967278,74
4294967278,73
4294967278,72
4294967278,71
4294967278,70
4294967278,69
4294967278,68
4294967278,67
4294967278,66
4294967278,65
4294967278,64
4294967278,63
4294967278,62
4294967278,61
4294967278,60
4294967278,59
4294967278,58
4294967278,57
4294967278,56
4294967278,55
4294967278,54
4294967278,53
4294967278,52
4294967278,51
4294967278,50
4294967278,49
4294967278,48
4294967278,47
4294967278,46
4294967278,45
4294967278,44
4294967278,43
4294967278,42
4294967278,41
4294967278,40
4294967278,39
4294967278,38
4294967279,88
4294967279,174
4294967279,0
4294967279,260
4294967279,138
4294967279,277
4294967279,20
4294967279,17
4294967279,15
4294967279,269
4294967279,285
4294967279,11
4294967279,10
4294967279,9
4294967279,284
4294967279,8
4294967279,262
4294967279,7
4294967279,283
4294967279,6
4294967279,282
4294967279,5
4294967279,281
4294967279,4
4294967278,348
4294967279,545
4294967278,347
4294967278,346
4294967279,544
4294967278,345
4294967294,479
4294967294,478
4294967294,477
27,5
27,4
27,3
27,2
27,1
4294967279,543
4294967279,542
4294967278,344
4294967279,541
4294967278,343
4294967279,540
4294967278,342
26,5
26,4
26,3
26,2
26,1
4294967279,539
4294967279,538
4294967278,341
4294967279,537
4294967278,340
4294967279,536
4294967278,339
25,5
25,4
25,3
25,2
25,1
4294967279,535
4294967278,338
4294967278,337
4294967279,534
4294967278,336
4294967279,533
4294967294,988
4294967278,335
4294967279,532
24,6
24,5
24,4
24,3
24,2
24,1
4294967278,334
4294967278,333
4294967279,531
4294967278,332
4294967278,331
4294967279,530
4294967278,330
4294967278,329
4294967278,328
4294967279,529
4294967278,327
4294967279,528
4294967278,326
22,6
22,5
22,4
22,3
22,2
22,1
4294967278,325
4294967278,324
4294967278,323
4294967278,322
4294967278,321
4294967279,527
4294967278,320
4294967279,526
4294967279,525
4294967278,319
4294967279,524
4294967279,523
4294967278,318
4294967279,522
4294967279,521
4294967278,317
4294967278,316
4294967279,520
4294967278,315
4294967279,519
4294967278,314
4294967279,518
20,6
20,5
20,4
20,3
20,2
20,1
4294967278,313
4294967278,312
4294967279,517
4294967278,311
4294967279,516
4294967278,310
4294967279,515
18,6
18,5
18,4
18,3
18,2
18,1
4294967278,309
4294967278,308
4294967279,514
4294967278,307
4294967279,513
4294967278,306
4294967279,512
4294967278,305
4294967279,136
4294967279,133
4294967278,304
4294967279,319
4294967278,303
4294967279,318
4294967278,302
4294967279,317
4294967278,301
4294967279,316
4294967278,300
4294967279,315
16,5
16,4
16,3
16,2
16,1
4294967279,314
4294967278,299
4294967279,313
4294967278,298
4294967279,312
4294967278,297
4294967279,311
4294967294,1422
4294967278,296
4294967279,310
4294967279,309
4294967278,295
15,5
15,4
15,3
15,2
15,1
4294967279,308
4294967278,294
4294967279,307
4294967278,293
4294967279,306
4294967278,292
4294967279,305
4294967294,476
4294967278,291
4294967279,304
14,5
14,4
14,3
14,2
14,1
4294967279,303
4294967278,290
4294967279,302
